MODEL_PERFORMANCE:
    ACCURACY: 0.9815512537352216
    CONFUSION_MATRIX:
        FALSE_NEGATIVE: 48
        FALSE_POSITIVE: 94
        TRUE_NEGATIVE: 6437
        TRUE_POSITIVE: 1118
    SENSITIVITY: 0.9588336192109777
