MODEL_PERFORMANCE:
    ACCURACY: 0.7944653761205664
    CONFUSION_MATRIX:
        FALSE_NEGATIVE: 250
        FALSE_POSITIVE: 1332
        TRUE_NEGATIVE: 5199
        TRUE_POSITIVE: 916
    SENSITIVITY: 0.7855917667238422
